# 03_cuda

# FLOCKS    MEAN_TIME per frame # pour 100 boids

10 0.0140528
20 0.0199663
30 0.0211446
40 0.0192175
50 0.0237479
60 0.0234069
70 0.0245004
80 0.0268582
90 0.0231723
100 0.0251165
110 0.0316408
120 0.0257049
130 0.028589
140 0.0242403
150 0.0302451
160 0.0363879
170 0.0378137
180 0.031634
190 0.0386782
200 0.0377637

# BOIDS  MEAN_TIME  50 FLOCKS

50 0.0245062
100 0.0425912
150 0.0583696
200 0.0822379

# Size of block  -- TIME
# 10 flocks - 1000 boids
1       6.7882
2       1.68815
4       0.417779
8       0.0961023
16      0.016995
32      0.00964513
64      0.0104272
128     0.00971496
256     0.00864454
512     0.0115055
1000    0.0110368